# initial dataset

DATETIME, AMBTEMP, COUGM3, NO2UGM3, O3UGM3, PM25, RAINFALL, SO2UGM3, UV_INDEX
01-Jul-2024 00:00, 14.5, 0.5, 23.4, 5.7, 9.35, 0.0, 1.2, 0.0
01-Jul-2024 01:00, 14.0, 0.2, 16.3, 15.1, 5.62, 0.0, -0.9, 0.0
01-Jul-2024 02:00, 13.4, 0.2, 14.2, 14.0, 5.19, 0.0, -0.5, 0.0
01-Jul-2024 03:00, 12.8, 0.2, 12.9, 9.9, 5.43, 0.0, 2.3, 0.0
01-Jul-2024 04:00, 11.9, 0.1, 10.2, 8.5, 4.44, 0.0, 0.9, 0.0


# Data engineering dataset

AMBTEMP, COUGM3, NO2UGM3, O3UGM3, PM25, SO2UGM3, UV_INDEX, YEAR, MONTH, HOUR, HOUR_SIN, HOUR_COS, MONTH_SIN, MONTH_COS, HAS_RAINFALL
14.5, 0.5, 23.4, 5.7, 9.35, 1.2, 0.0, 2024, 7, 0, 0.000000, 1.000000, -0.5, -0.866025, 0
14.0, 0.2, 16.3, 15.1, 5.62,-0.9, 0.0, 2024, 7, 1, 0.258819, 0.965926, -0.5, -0.866025, 0
13.4, 0.2, 14.2, 14.0, 5.19,-0.5, 0.0, 2024, 7, 2, 0.500000, 0.866025, -0.5, -0.866025, 0
12.8, 0.2, 12.9, 9.9, 5.43, 2.3, 0.0, 2024, 7, 3, 0.707107, 0.707107, -0.5, -0.866025, 0
11.9, 0.1, 10.2, 8.5, 4.44, 0.9, 0.0, 2024, 7, 4, 0.866025, 0.500000, -0.5, -0.866025, 0